np.exp()
np.sqrt()
np.pi
np.square()

train_set[0]
[ 0.     0.     0.     0.     0.     0.     0.     0.     0.     0.
  0.     0.     0.     0.     0.     0.     0.     0.     0.     0.
  0.     0.     0.     0.     0.     0.     0.     0.     0.     0.
  0.     0.     0.     0.     0.     0.     0.     0.     0.     0.
  0.     0.     0.     0.     0.     0.     0.     0.     0.     0.
  0.     0.     0.     0.     1.545  4.    17.     0.   ]

print(1/(np.sqrt(2*np.pi)*self.train0_std)*np.exp(-1*(np.square(sample-self.train0_mean)/np.square(2*self.train0_std))))
[1.20956804e+00 2.38004911e-01 7.72355453e-01 1.34353323e+01
 7.04954137e-01 1.96202938e+00 3.29358894e+00 2.30637625e+00
 1.92241166e+00 6.63903321e-01 2.81395305e+00 3.78374004e-01
 1.41999034e+00 9.92077775e-01 4.36607903e+00 6.47633516e-01
 1.98315685e+00 9.68227524e-01 2.00760383e-01 4.37380876e+00
 3.87078202e-01 5.91617092e-01 1.14806556e+01 1.56521714e+00
 1.99539887e-01 3.59954775e-01 9.05806712e-02 6.38591394e-01
 5.73863695e-01 6.56647551e-01 9.02015940e-01 1.04338281e+00
 5.87155089e-01 1.04144787e+00 5.16753864e-01 7.84653358e-01
 8.43869366e-01 1.74153994e+00 6.74292625e-01 9.34526227e-01
 7.41415110e-01 4.54976066e-01 1.40403248e+00 4.32803525e-01
 3.12837031e-01 3.55690305e-01 4.81786117e+00 1.52002710e+00
 1.15225298e+00 1.49168086e+00 2.67879875e+00 6.20777997e-01
 4.74887102e+00 1.46034945e+00 2.15893154e-01 1.32910662e-02
 9.66189407e-04 3.98942280e+03]

print((1/(np.sqrt(2*np.pi)*self.train0_std[:57]))*np.exp(-1*(np.square(sample[:57]-self.train0_mean[:57])/np.square(2*self.train0_std[:57])))
[1.20956804e+00 2.38004911e-01 7.72355453e-01 1.34353323e+01
 7.04954137e-01 1.96202938e+00 3.29358894e+00 2.30637625e+00
 1.92241166e+00 6.63903321e-01 2.81395305e+00 3.78374004e-01
 1.41999034e+00 9.92077775e-01 4.36607903e+00 6.47633516e-01
 1.98315685e+00 9.68227524e-01 2.00760383e-01 4.37380876e+00
 3.87078202e-01 5.91617092e-01 1.14806556e+01 1.56521714e+00
 1.99539887e-01 3.59954775e-01 9.05806712e-02 6.38591394e-01
 5.73863695e-01 6.56647551e-01 9.02015940e-01 1.04338281e+00
 5.87155089e-01 1.04144787e+00 5.16753864e-01 7.84653358e-01
 8.43869366e-01 1.74153994e+00 6.74292625e-01 9.34526227e-01
 7.41415110e-01 4.54976066e-01 1.40403248e+00 4.32803525e-01
 3.12837031e-01 3.55690305e-01 4.81786117e+00 1.52002710e+00
 1.15225298e+00 1.49168086e+00 2.67879875e+00 6.20777997e-01
 4.74887102e+00 1.46034945e+00 2.15893154e-01 1.32910662e-02
 9.66189407e-04]

print((1/(np.sqrt(2*np.pi)*self.train0_std))*np.exp(-1*(np.square(sample-self.train0_mean)/(2*np.square(self.train0_std))))
[1.19185015e+00 2.36678579e-01 7.39898297e-01 1.34266822e+01
 6.88234350e-01 1.93739873e+00 3.28746146e+00 2.28630223e+00
 1.90768394e+00 6.52046554e-01 2.79799793e+00 3.52885482e-01
 1.40066465e+00 9.88162249e-01 4.35748545e+00 6.45313430e-01
 1.96148177e+00 9.55983542e-01 1.77585257e-01 4.36768064e+00
 3.68878728e-01 5.90507384e-01 1.14377629e+01 1.56409251e+00
 1.90131188e-01 3.46893850e-01 8.85731080e-02 6.25666513e-01
 5.67500823e-01 6.43140716e-01 8.91549418e-01 1.03603409e+00
 5.79314005e-01 1.03396999e+00 5.10487508e-01 7.71181469e-01
 8.10515812e-01 1.73961822e+00 6.68346318e-01 9.27118630e-01
 7.36545587e-01 4.49261877e-01 1.38392349e+00 4.30105245e-01
 3.04459290e-01 3.50232246e-01 4.81243342e+00 1.51034107e+00
 1.14361725e+00 1.33718839e+00 2.66463408e+00 6.16864314e-01
 4.71821911e+00 1.45710489e+00 2.07663855e-01 1.25565907e-02
 9.31623216e-04 3.98942280e+03]

arr0 = np.log((1/(np.sqrt(2*np.pi)*self.train0_std[:57]))*np.exp(-1*(np.square(sample[:57]-self.train0_mean[:57])/(2*np.square(self.train0_std[:57])))))
arr1 = np.log((1/(np.sqrt(2*np.pi)*self.train1_std[:57]))*np.exp(-1*(np.square(sample[:57]-self.train1_mean[:57])/(2*np.square(self.train1_std[:57]))))
[ 0.17550685 -1.44105226 -0.30124254  2.59724393 -0.37362587  0.66134621
  1.19011567  0.82693577  0.64588991 -0.42763932  1.02890414 -1.04161169
  0.33694688 -0.01190838  1.47189516 -0.43801914  0.67370019 -0.04501458
 -1.72830447  1.47423212 -0.99728734 -0.52677314  2.43692042  0.44730579
 -1.66004098 -1.05873645 -2.42392699 -0.46893778 -0.56651308 -0.44139174
 -0.11479441  0.03540005 -0.54591063  0.03340576 -0.67238911 -0.25983157
 -0.21008443  0.55366567 -0.4029488  -0.07567375 -0.30578415 -0.80014932
  0.32492258 -0.84372535 -1.1892179  -1.04915879  1.57120286  0.4123355
  0.13419627  0.29056919  0.98006674 -0.48310619  1.55143142  0.37645151
 -1.57183459 -4.37750959 -6.9785821 ]
[ 0.14614073  0.06454775 -0.54322873 -1.74039113 -0.88213308  0.08713397
 -0.50406352 -0.37736666  0.06538954 -0.58243325  0.33241041 -0.7959725
 -0.08759406  0.29426421  0.03803649 -1.03190054 -0.51420816 -0.71728159
 -2.39252986 -0.82548976 -1.74803846 -1.10713145 -0.39853538 -0.38307233
  0.83190927  1.33134528  3.06077535  0.28691833  3.12161065  1.65576522
  3.41062452  8.29140184  1.52044056  2.19154764  1.91290358  0.99072031
  0.30059114  1.85276467  1.32096888  0.96905125  8.29140184  2.4075725
  2.06800241  1.812421    0.19360183  0.96567367  3.13709999  3.03815838
  1.32099574  0.01327815  2.05174425 -0.86882861  0.06732849 -0.72533731
 -4.22791443 -6.85575469 -7.79612696]
